# Распределение Бернулли
type=bernoulli
p=0.330814539017914
data
1
1
0
0
0
0
1
1
0
1
0
1
0
0
0
0
0
0
0
0
0
0
0
1
1
0
0
0
0
0
1
0
1
0
0
0
0
0
0
1
0
0
0
0
0
0
1
0
1
1
0
0
0
0
0
0
0
1
1
0
1
1
0
0
1
1
0
1
0
1
1
0
0
0
0
0
0
1
0
1
1
1
0
0
0
0
1
0
0
0
0
1
1
1
0
1
1
1
1
0
0
0
0
1
0
0
0
0
0
0
1
1
1
0
0
1
0
0
0
1
0
1
1
0
0
0
0
0
0
1
0
0
0
1
1
0
0
1
1
0
1
0
0
1
0
0
1
0
0
0
1
0
0
1
0
1
0
0
0
1
0
0
0
1
0
1
0
0
0
0
0
0
0
1
1
0
0
0
0
1
0
1
1
1
1

# Биномиальное распределение
type=binomial
p=0.330814539017914
m=6
data
2
2
1
2
0
2
1
2
1
1
2
1
2
1
0
1
3
2
1
4
2
1
2
2
2
2
2
2
3
2
1
2
1
0
4
1
3
3
4
2
4
2
2
1
2
2
2
2
2
0
3
2
1
3
2
2
3
3
2
2
0
2
0
3
2
1
1
1
1
1
6
2
2
1
2
1
0
2
3
2
3
1
0
4
1
2
2
3
1
2
2
2
1
1
2
2
0
1
1
2
0
1
0
1
4
0
1
0
2
1
2
4
3
2
1
0
2
2
2
1
1
2
1
4
2
1
3
3
3
3
2
3
2
4
1
2
3
2
2
1
3
0
2
1
1
2
3
0
2
2
1
2
2
3
2
0
1

# Распределение Пуассона
type=poisson
lambda=3.74419385357219
data
4
2
3
8
6
5
5
0
7
3
1
2
8
5
3
2
1
8
2
5
4
3
1
5
5
4
4
4
6
4
1
5
1
3
7
7
4
6
4
3
3
4
5
5
3
6
4
6
3
0
5
6
5
5
7
2
3
7
2
4
5
3
6
6
6
6
4
5
3
0
7
0
4
4
4
1
0
1
5
1
2
5
3
3
7
5
3
6
6
2
5
4
0
4
3
5
1
4
1
2
3
3
6
3
11
5
7
4
5
2
2
2
1
7
6
5
4
4
1
3
4
2
8
7
5
2
5
3
5
7
5
4
3
3
6
2
10
3
5
1
7
4
1
7
4
1
6
2
6
3
6
2
3
4
2
1
2
4
5
5
4
3
1
4
3
1
4
5
2
1
3
1
3
0
4
1
1
5
3
3
1
7
6
1
1

type=discrete
values
5 0.218024232
8 0.996948149
9 0.940794092
12 0.028778954
14 0.222449416
17 0.119418928
19 0.941496017
21 0.595934935
25 0.791711173
29 0.664113285
data
29
8
25
19
8
9
21
19
17
8
8
14
9
8
19
9
8
25
9
8
21
21
19
8
9
8
29
19
9
8
19
21
8
17
25
8
19
21
8
9
8
25
19
29
25
29
19
8
21
8
21
8
8
9
21
19
29
5
9
29
19
14
21
25
17
19
21
21
9
9
19
8
25
21
8
14
9
9
29
25
25
21
21
5
25
5
19
19
8
25
19
25
21
19
8
9
8
8
19
9
21
8
9
29
19
19
25
29