# ЛИНЕЙНАЯ
type=linear
k=122
a=3,61089394876035
b=0,218098819762235
h=13,3578464859165

data_x
1
2
3
4
5
6
7
8
9
10
11
12
13
14
15
16
17
18
19
20
21
22
23
24
25
26
27
28
29
30
31
32
33
34
35
36
37
38
39
40
41
42
43
44
45
46
47
48
49
50
51
52
53
54
55
56
57
58
59
60
61
62
63
64
65
66
67
68
69
70
71
72
73
74
75
76
77
78
79
80
81
82
83
84
85
86
87
88
89
90
91
92
93
94
95
96
97
98
99
100
101
102
103
104
105
106
107
108
109
110
111
112
113
114
115
116
117
118
119
120
121
122

data_y
3,804983523
-31,4854977
-12,4764668
14,28756544
25,62177767
-4,451149877
3,829059052
-5,166560764
22,26848508
35,73962642
27,84973789
28,24873369
30,18839105
1,813741734
27,16185114
-2,873156678
19,54752568
8,038011861
23,36488106
2,732750103
-14,57514067
19,5055002
-12,81034035
-8,111487696
26,07973844
39,88208892
25,03307287
7,55572026
9,328057028
10,33627413
9,613851401
5,334476477
-3,544787339
20,9365291
17,41601944
13,77465869
13,77315113
14,59044842
-10,44252705
-9,278637093
10,40445981
20,39213457
-0,518904544
24,16575395
-2,577846057
17,43954276
22,36673381
-12,84667789
1,099576202
8,74280361
28,63111047
7,732751753
3,467742892
20,95552008
24,71863481
16,55797787
35,25295995
18,61433637
20,20252633
15,17763474
31,10689149
31,28016091
24,93377373
23,25599262
15,25697667
7,894866313
13,32383692
20,21204115
3,351047321
22,52518164
-12,2560029
16,30860123
17,55115525
46,79436603
50,29363723
1,039023722
-10,38224359
19,61460844
11,25449709
9,713709898
42,75528652
0,508153114
18,04025857
27,53863676
28,86049266
25,836903
33,55399566
11,27125568
17,67213753
23,88738434
26,49999913
29,51414993
36,43559656
39,28954906
27,22783779
12,21339941
37,81235304
11,59525558
-4,846874875
20,61169832
49,9421837
28,38108782
40,01795929
3,219815932
43,82866316
4,131764127
43,11308523
35,10996903
11,25409957
38,11006854
12,52498674
46,95973739
47,46072313
34,99243405
38,21379937
47,60361204
25,68959089
23,2066876
23,2995921
51,58758118
48,46030074
41,95134622


# НЕЛИНЕЙНАЯ
type=nonlinear
k=122
a=3,61089394876035
b=0,218098819762235
c=0,0333946162147913
h=69,9748365553387

data_x
1
2
3
4
5
6
7
8
9
10
11
12
13
14
15
16
17
18
19
20
21
22
23
24
25
26
27
28
29
30
31
32
33
34
35
36
37
38
39
40
41
42
43
44
45
46
47
48
49
50
51
52
53
54
55
56
57
58
59
60
61
62
63
64
65
66
67
68
69
70
71
72
73
74
75
76
77
78
79
80
81
82
83
84
85
86
87
88
89
90
91
92
93
94
95
96
97
98
99
100
101
102
103
104
105
106
107
108
109
110
111
112
113
114
115
116
117
118
119
120
121
122

data_y
-35,84834545
-36,13535424
-81,63743917
3,76715019
-32,02301282
90,16011763
-115,1266534
16,39802994
-19,25079336
47,49087443
44,65595701
-77,01350582
34,77031329
55,57206642
-151,1013118
-57,63835932
-78,50026825
75,93314774
87,68515819
23,13815565
67,58669032
100,912319
92,4824871
-49,11948304
21,66122396
74,14155426
116,3720594
-121,3029355
91,26781782
76,13957904
86,24380241
32,54431039
108,0215655
-47,02043492
-31,73175783
90,64188095
86,4555899
171,5768678
-5,532859519
209,7648008
77,61595181
185,8027699
62,41238548
69,14846529
-57,26833456
144,9347514
34,78987682
62,17884612
72,40074872
25,37822309
121,0462171
20,75951725
162,6743356
69,56538707
174,0440925
100,0149182
52,13728451
150,6156615
83,35234934
182,2313779
106,0497277
150,0486942
100,2187512
77,77997878
144,1061936
253,6541072
120,2922756
-38,7527218
137,6763005
188,9705257
238,7251224
234,7748851
201,3629066
244,2059749
94,09207787
248,5224913
131,5196549
259,8727598
211,7996592
230,2751368
218,0256078
299,9694306
226,7043201
238,9442494
399,5843014
294,48678
287,5259179
188,4840588
351,6002713
305,5594965
312,2079081
254,1687005
324,628928
251,0200202
295,5050413
192,4929052
365,0194745
325,1323721
412,7816181
407,8443699
343,8143501
333,4580106
329,9777903
474,5214348
337,8729171
391,6570244
423,9736785
201,7383957
446,430904
414,4571685
491,632402
355,6667545
490,0659473
372,3625406
376,5615605
494,5784746
562,675576
514,8346339
500,5833302
510,5125899
674,5099546
475,809232


# МНОЖЕСТВЕННАЯ
type=multiple
k=122
a0=3,61089394876035
a1=0,218098819762235
a2=0,556576936913189
a11=0,499820261109562
a22=0,443270381663751
a12=0,451882273308001
h=26,1685472145473

data_x1
0
0,1
0,2
0,3
0,4
0,5
0,6
0,7
0,8
0,9
1
1,1
1,2
1,3
1,4
1,5
1,6
1,7
1,8
1,9
2
2,1
2,2
2,3
2,4
2,5
2,6
2,7
2,8
2,9
3
3,1
3,2
3,3
3,4
3,5
3,6
3,7
3,8
3,9
4
4,1
4,2
4,3
4,4
4,5
4,6
4,7
4,8
4,9
5
5,1
5,2
5,3
5,4
5,5
5,6
5,7
5,8
5,9
6
6,1
6,2
6,3
6,4
6,5
6,6
6,7
6,8
6,9
7
7,1
7,2
7,3
7,4
7,5
7,6
7,7
7,8
7,9
8
8,1
8,2
8,3
8,4
8,5
8,6
8,7
8,8
8,9
9
9,1
9,2
9,3
9,4
9,5
9,6
9,7
9,8
9,9
10
10,1
10,2
10,3
10,4
10,5
10,6
10,7
10,8
10,9
11
11,1
11,2
11,3
11,4
11,5
11,6
11,7
11,8
11,9
12
12,1

data_x2
0
0,1
0,2
0,3
0,4
0,5
0,6
0,7
0,8
0,9
1
1,1
1,2
1,3
1,4
1,5
1,6
1,7
1,8
1,9
2
2,1
2,2
2,3
2,4
2,5
2,6
2,7
2,8
2,9
3
3,1
3,2
3,3
3,4
3,5
3,6
3,7
3,8
3,9
4
4,1
4,2
4,3
4,4
4,5
4,6
4,7
4,8
4,9
5
5,1
5,2
5,3
5,4
5,5
5,6
5,7
5,8
5,9
6
6,1
6,2
6,3
6,4
6,5
6,6
6,7
6,8
6,9
7
7,1
7,2
7,3
7,4
7,5
7,6
7,7
7,8
7,9
8
8,1
8,2
8,3
8,4
8,5
8,6
8,7
8,8
8,9
9
9,1
9,2
9,3
9,4
9,5
9,6
9,7
9,8
9,9
10
10,1
10,2
10,3
10,4
10,5
10,6
10,7
10,8
10,9
11
11,1
11,2
11,3
11,4
11,5
11,6
11,7
11,8
11,9
12
12,1

data_z
-1,927182893
1,45822014
1,148405318
-1,014311692
-0,690786237
0,813649876
-0,333129719
-0,056753606
0,360100785
-0,959653335
0,245834144
0,192700327
-0,156967417
-0,927534529
-0,440090844
-0,705133516
-0,115655894
-0,478945594
0,551106041
0,327394218
1,81105861
-2,755550668
-0,654526957
-0,359040087
-1,558632903
0,324731673
-0,433105924
-0,635500328
-2,003089321
0,076764763
0,936511242
-0,164251333
0,749178071
0,898178314
-0,391048616
0,7643564
1,232126579
-0,276307901
0,598026872
0,400149247
-0,635220658
-0,987422482
-1,58952389
0,987797648
1,158673513
0,715865554
-1,13986971
-0,292558298
0,849211119
0,687971351
-0,095346877
0,306239372
1,167247774
0,445913884
0,790539616
1,108921879
-1,034086381
1,041426003
-0,892353
-1,408232038
0,198938324
-0,205888
0,698576059
-1,602097655
-1,590606189
-0,334828201
2,950400813
-0,393362143
-0,640659437
-1,146042905
0,686229669
0,18685796
-0,295754035
-0,011283419
2,037832019
-0,680142875
-0,677830485
-0,205341166
-1,235730451
0,842101144
1,133882961
-0,1790022
-0,512334282
1,621442607
1,971675374
-0,766201538
-0,310330961
-1,506173248
0,018475248
-0,70483793
0,397747044
0,576575303
0,448027322
0,487457328
0,163940967
2,608503564
0,084439762
1,091545982
-0,667853328
0,97516704
0,491854735
-0,694675464
1,792827788
1,740745574
-1,429796157
-0,833192644
0,048634092
0,248830929
-0,182267286
0,75222033
0,339606459
0,404545517
-0,25625468
-0,304235073
-0,345040689
-0,068864665
1,398402674
1,370676728
-0,010059011
0,936749984
0,774230102
-1,320549927
