type=uniform
a=21
b=42
n=122
data
38,75966674
23,85387738
25,22858364
41,68660543
38,38987396
38,0925016
31,92651143
26,96218757
25,64580218
33,50117496
37,86626789
21,52488784
38,15466781
33,34800256
37,32599872
28,81307413
33,29160436
41,92886135
41,62700278
36,73445845
34,21768853
39,60820338
33,63832514
41,27579577
40,67784661
32,53535569
31,26639607
37,17346721
38,61162145
36,9356975
32,19183935
28,80666524
33,10510575
35,39051485
21,66139714
40,96624653
39,70561846
37,01068148
25,59260842
35,6539201
21,63704337
26,90578936
33,78380688
29,5802179
22,9566332
41,86541337
27,51142918
24,49604785
23,16107669
31,63939329
41,29374065
24,03588977
36,29609058
36,75048067
31,09399701
22,2138432
22,08502457
27,21726127
24,765862
27,23712882
27,12305063
38,12005982
32,994232
26,78594317
39,64986114
30,38901944
28,5368511
21,42811365
38,94360179
28,74834437
39,03588977
32,30719932
37,87203589
28,19910276
31,17795343
41,77761162
32,61610767
31,96560564
30,49797052
25,13180944
36,11215552
27,29224525
28,59004486
32,08224738
25,23563341
31,02157659
38,02392651
35,14697714
41,26361888
32,33411664
35,73082675
28,60286264
21,63640248
27,57551805
29,15723136
32,16171758
22,56953642
37,56633198
27,95684683
21,01730399
32,52061525
29,30719932
29,50202948
24,43195898
36,06729331
31,48045289
32,0021363
36,50694296
32,21106601
29,65712455
36,50694296
23,30207221
36,64857936
35,61867122
30,57231361
26,95898312
24,03076266
21,68831446
40,877163
41,97500534
28,75603504
30,4992523

type=normal
mu=21
sigma=0,21
n=122
data
21,21381288
20,76922447
20,82427846
21,45614306
21,19879456
21,187418
21,01069566
20,88003674
20,83870948
21,05064871
21,17911884
20,58838907
21,18975004
21,04670469
21,16034271
20,93145062
21,04525672
21,56861936
21,44149001
21,14115403
21,06936325
21,25327508
21,05419547
21,38190756
21,32138255
21,02601886
20,99414365
21,15527182
21,20767291
21,14754278
21,01736158
20,93128112
21,04048354
21,10131796
20,60955502
21,34700438
21,25840375
21,14995837
20,83691271
21,1088011
20,60606365
20,87836865
21,05797476
20,95144912
20,72249209
21,52264331
20,89591191
20,79668319
20,73431795
21,00349423
21,38428161
20,77739424
21,12766652
21,14165778
20,98981907
20,66956625
20,65793281
20,88748908
20,80723369
20,8880635
20,88475357
21,18844889
21,03765564
20,87479825
21,25544955
20,97206977
20,92410452
20,57037453
21,22170618
20,92973693
21,22578677
21,02026493
21,17932703
20,91499316
20,99192549
21,48400143
21,02805987
21,01167689
20,97482271
20,82081192
21,12216375
20,8896528
20,92552623
21,0146065
20,82452914
20,98800129
21,18487206
21,09451213
21,38032231
21,02094296
21,11101185
20,92586811
20,60597006
20,89772468
20,94048845
21,01660405
20,69731193
21,16852847
20,90835898
20,33906947
21,02564666
20,94439165
20,94943389
20,79410095
21,12083419
20,9995101
21,01259414
21,13408487
21,01784528
20,9534271
21,13408487
20,74200689
21,13846723
21,1077917
20,97669875
20,8799422
20,77716886
20,61329277
21,33854431
21,63801126
20,92994082
20,97485518

type=gamma
alpha=4,52616962187567
beta=6,07419049653615
n=109
data
33,148704
33,73462731
39,47379951
21,44718838
40,66875612
35,9042149
25,99609716
19,5054833
38,40558722
24,15353102
11,30451719
36,98607685
60,10470066
32,23389539
16,05041313
51,48223931
77,20152598
14,03901716
27,40847945
19,33111726
6,345734926
32,4496333
41,61827917
47,56161897
38,11176755
16,633629
27,50703119
18,12397801
19,22733429
15,87288873
9,585579361
32,9987711
42,97459444
28,0967801
13,15393395
21,4990043
22,02368983
25,96926277
22,79763437
39,13449193
40,49054979
32,23013346
35,1064797
21,53742056
41,4498818
31,9810764
48,29151
29,85968624
71,49466739
33,17382034
56,99779518
44,30399919
32,62181027
11,60056965
25,83444521
17,30532657
23,83428813
44,14415463
14,02725426
24,8789224
20,42747432
20,88238036
20,71238202
26,53540308
8,507734858
4,303179792
14,71687257
30,92295868
18,90004862
24,38982752
38,12274242
24,11409861
34,26125184
47,80632919
34,15428269
16,95336029
24,6550412
40,35579032
13,18839483
15,77152063
40,39043266
21,5115118
18,82568317
26,62226079
14,39798702
29,78647913
21,89669038
28,96904633
29,18896258
31,5579866
20,26772657
13,03816417
20,94319013
10,52759935
27,39141937
44,43285492
29,87635901
38,05520196
34,58647777
13,62833908
14,92782956
5,230551712
38,28471511
14,70127959
38,30695023
23,11755617
24,40734048
17,11300912
22,78324099

type=beta
alpha=3,8720969267861
data1
0,262282646
0,41561372
0,451758486
0,579138666
0,42750827
0,483581436
0,380239745
0,246236225
0,596111548
0,336445065
0,438084236
0,330677237
0,433707553
0,463180797
0,552128691
0,603047506
0,507957889
0,731059095
0,46838904
0,797627755
0,826444296
0,672302859
0,745454215
0,324324588
0,090555573
0,811843041
0,535810385
0,67627723
0,492979546
0,634184614
0,338596427
0,631138676
0,306393508
0,458427325
0,610317457
0,74022848
0,675282021
0,464103178
0,590938506
0,284405814
0,630407956
0,672731842
0,612420263
0,583600334
0,523191674
0,456862288
0,23359105
0,730607008
0,170702644
0,193755699
0,487949355
0,546784605
0,613856397
0,600914607
0,471171869
0,467972577
0,7798398
0,383487429
0,291357665
0,488930275
0,359592644
0,375002051
0,642843882
0,566994829
0,340941013
0,275149674
0,48395161
0,40282753
0,681515489
0,246835852
0,402859237
0,716803095
0,654662721
0,788182458
0,4722463
0,655174837
0,67466232
0,331340877
0,82103702
0,392262077
0,376348996
0,35058895
0,602420914
0,564323852
0,419332409
0,759992929
0,391969085
0,55771409
0,477151075
0,757044932
0,464952873
0,295440389
0,193261268
0,336798433
0,764098456
0,230513602
0,141714578
0,414718397
0,244352398
0,595953423
0,798933218
0,717061468
0,712471727
0,379397737
0,51868349
0,572748273
0,48205747
0,749365458
0,440454398
0,496486721
0,400123785
0,390140957
0,288155838
0,760028035
0,696043751
0,323015051
0,623838223
0,665567383
0,627708698
0,197615811
0,693380299
0,318718688
0,360776283
0,683850387
0,811726271
0,584787433
0,546406189
0,457427718
0,57485015
0,324635219
0,510216952
0,458702409
0,529387136
0,173275177
0,395083001
0,782461444
0,812783007
0,330777913
0,396630788
0,657004149
0,281926932
0,646327872
0,829661709
0,374728577
0,660878439
0,715235801
0,337894468
0,582954
0,625956118
0,420525348
0,364174707
0,700357564
0,665725953
0,383720636
0,633973566
0,29197131
0,698605997
0,49371803
0,621683089
0,096274948
0,483296652
0,70203136
0,424786154
0,304254047
0,648873095
0,381850637
0,432556437
0,566949974
0,442521903
0,750044964
0,766742761
0,559737882
0,628122469
0,315588725
0,190973071
0,477636529
0,665072543
0,715261374
0,478435837
0,249825205
0,711543759
0,271048308
0,242371067
0,371186711
0,378029233

data2
0,638580141
0,661033916
0,675841264
0,666619922
0,681899256
0,731825138
0,550358279
0,504862021
0,405829445
0,44558316
0,425467893
0,556210903
0,539345093
0,228091858
0,658519623
0,624775919
0,581663777
0,243570453
0,61729661
0,589144032
0,669262352
0,443965747
0,517002405
0,700357564
0,344844149
0,526050439
0,16643864
0,678134748
0,605272549
0,575183529
0,683334006
0,521706873
0,369226899
0,518526729
0,650807404
0,323431638
0,366834087
0,397530921
0,519111074
0,439729379
0,231271789
0,295151897
0,254514444
0,592441843
0,281614395
0,511254517
0,494754618
0,684281702
0,661851811
0,691983823
0,315156221
0,616929395
0,712522034
0,41250399
0,265418301
0,159144084
0,581602418
0,454771744
0,550241357
0,66807751
0,270573229
0,646823964
0,687195409
0,601907507
0,19337138
0,656793863
0,494442236
0,378823978
0,522663296
0,422462028
0,279884491
0,47107155
0,735745892
0,463757369
0,524563303
0,403587857
0,635100872
0,423951799
0,667877295
0,709702948
0,462805874
0,47188824
0,582154909
0,181470777
0,522449131
0,510899156
0,54347132
0,193040632
0,441961297
0,216635577
0,428623688
0,608161206
0,548810349
0,746713591
0,587325313
0,759677423
0,217538556
0,355866149
0,435973908
0,823761447
0,453360958
0,492468237
0,382603174
0,25334966
0,132334528
0,279091935
0,519909447
0,434931163
0,239197052
0,395405952
0,608112342
0,446977355
0,305144628
0,284482676
0,571376312
0,626848395
0,470369129
0,444627822
0,312870287
0,695380078
0,607087625
0,505898558
0,459773107
0,393691296
0,376383025
0,397755642
0,71007448
0,672037712
0,595147873
0,630842701
0,578238646
0,699374627
0,465485433
0,239725936
0,375599481
0,662105532
0,171209778
0,453390068
0,549949123
0,479477319
0,503768817
0,213834173
0,438277111
0,225894654
0,311375836
0,537251817
0,356066396
0,650173474
0,35014292
0,337170865
0,304162467
0,554681278
0,566441826
0,368687088
0,622665595
0,729594806
0,242439916
0,188797224
0,393496711
0,325832181
0,754064651
0,698025825
0,45609337
0,295464409
0,400777446
0,415027311
0,542195504
0,421258138
0,31728823
0,775782219
0,258894007
0,660800738
0,573322128
0,356684428
0,367307145
0,610464923
0,320329512
0,792957011
0,388829712
0,579612162
0,516717588
0,293726571
0,359933889
0,522934607
0,550241357
0,228518444
0,260463569
0,573987302
0,296159573
0,342689664
0,84609566
0,696502825
0,3604002
0,424619382
0,448559434
0,54329725
0,599621007
0,455541701
0,267147235
0,487409026
0,308867115
0,645960979
0,267947121
0,415752505
0,262637755
0,401382374
0,238274825
0,457500186
0,461795862
0,635224429
0,507077264
0,521706873
0,313132855
0,403777731
0,427236633
0,255077466
0,557080028
0,35881884
0,755140246
0,376587122
0,510401704
0,612239084
0,446596026
0,131127514
0,538045363
0,457326254
0,346528231
0,640012267
0,449670953
0,437787401
0,675924238
0,362382556
0,378333825
0,440971823
0,516817271
0,514867013
0,4620268
0,59288125
0,71669986
0,382051472
0,59679214
0,765413187
0,460510399
0,387299556
0,644735462
0,610104553
0,617697646
0,639080576
0,357011068
0,442330164
0,537684592
0,234255829
0,447724826
0,50131299
0,318207417
0,672915946
0,523391639
0,595779552
0,342670515
0,683678115
0,289875921
0,330193371
0,342747103
0,61796526
0,395309094
0,527810984
0,273071504
0,566008722
0,402129383
0,607038897
0,182602515
0,543195723
0,409483425
0,650826072
0,363306609
0,416507445
0,367149541
0,410622295
0,731796695
0,440971823
0,478478648
0,542760724
0,281588322
0,289428882
0,712673044
0,391186676
0,37322033
0,611679636
0,3472063
0,374950792
0,507318712
0,554446218
0,583046283
0,589175182
0,656240319
0,417568623
0,530563177
0,549730012
0,371687706
0,501965953
0,452370673
0,544966692
0,238452723
0,706564748
0,26340413
0,259409083
0,83575112
0,693719688
0,400697786
0,710869798
0,565128472
0,625836192
0,755342943
0,416276461
0,436628514
0,279910842
0,351275115
0,60842192
0,712647866
0,375889269
0,301114872
0,497239109
0,270012376
0,527295502
0,71452136
0,587061627
0,550431363
0,475879733
0,789137498
0,336209194
0,354332181
0,566143103
0,467814574
0,474521689
0,705450646
0,620349442
0,451627249
0,767899929
0,498843151
0,586674114
0,660412607
0,323535659
0,02888944
0,791542433
0,636303317
0,476394089
0,87010722
0,437713172
0,534269953
0,462877984
0,54519919
0,271131989
0,491161344
0,397803781
0,563341746
0,656832084
0,55472536
0,678449405
0,656087831
0,608307835
0,686539419
0,434767153
0,198555694
0,357627014
0,303267215
0,403651158
0,557212694
0,821167764
0,307341729
0,747761594
0,438973981
0,372928149
0,576321532
0,642862009
0,426556988
0,338187199
0,565113563
0,372687329
0,454481033
0,727563028
0,372842163
0,688381652
0,329526365
0,301440484
0,736684088
0,71222042
0,557787853
0,313874936
0,621412559
0,621564705
0,71909104
0,750272253
0,329384625
0,55987103
0,509378557
0,235209479
0,392749903
0,273181588
0,614535169
0,504549665
0,621615436
0,851389142
0,829881177
0,577598864
0,618233079
0,396952494
0,406537449
0,64422492
0,603546259
0,447607621
0,650714083
0,436137619
0,500518096
0,460033385
0,590688426
0,441400267
0,558215824
0,77032624
0,418305541
0,184880992
0,346716762
0,720511293
0,567413637
0,865075085
0,439181426
0,695380078
0,380138814
0,573790693
0,579933157
0,587433932
0,75790471
0,473777885
0,335519893
0,497565606
0,492056316
0,602983195
0,858850131
0,28992552
0,648928695
0,389715305
0,607363868
0,824508779
0,317972664
0,239161711
0,578848665
0,452530939
0,503215158
0,060257707
0,424437393
0,514255165
0,653943706
0,519852411
0,745988005
0,587558097
0,281222869
0,110257985
0,470197056
0,436494669
0,553051972
0,306687507
0,302089991
0,655250794
0,358223556
0,189028864
0,75925801
0,35773557
0,666381195
0,664953936
0,439181426
0,55963434
0,119466768
0,410076608
0,734523735
0,502079514
0,369052869
0,807125208
0,261241789
0,139188083
0,385265924
0,422385912
0,416045371
0,291357665
0,704103789
0,476936864
0,7240917
0,460336963
0,557566586
0,354734763
0,71077018
0,672813647
0,618869979
0,407197247
0,518312981
0,292362902
0,698559516
0,583954629
0,194247392
0,418489606
0,606260073
0,244555586
0,711193963
0,248421273
0,460914974
0,609989962
0,240147397
0,702838422
0,539359543
0,5966021
0,307296682
0,43310983
0,712522034
0,701227895
0,435527218
0,541384451
0,321130326
0,324013511
0,309313484
0,405435624
0,655269787
0,149408672
0,629488298
0,437846778
0,535968858
0,551952945
0,641993222
0,343091457
0,474864874
0,774422795
0,191367994
0,459787569
0,584232076
0,347901355
0,526350885
0,556461227
0,641993222
0,496344756
0,499212209
0,449729414
0,510160106
0,518626485
0,371877531
0,481216748
0,532630805
0,375053302
0,640641075
0,361812454
0,21944779
0,623259888
0,594643182
0,483752292
0,524220298
0,802436689
0,570458412
0,49394524
0,672425341
0,319927963
0,646474768
0,49560651
0,649299659
0,529817284
0,160329992
0,48145902
0,828645954
0,552172633
0,47595118
0,423496172
0,309825549
0,62129427
0,228091858
0,639116355
0,31752376
0,463944694
0,672834103
0,368669659
0,653566087
0,383604052
0,466219134
0,605175549
0,605952217
0,760344449
0,564606848
0,747602274
0,211545597
0,641740331
0,574289907
0,280410679
0,058139194
0,602549367
0,509307514
0,447885956
0,205027426
0,455033308
0,55113329
0,69419585
0,592332058
0,430653244
0,571526922
0,351885614
0,663476363
0,640551161
0,285300319
0,314375386
0,437133912
0,767189332
0,446214517
0,506835825
0,42714606
0,702529412
0,590891606
0,325358307
0,295632457
0,275285416
0,245062126
0,551279598
0,616729258
0,420219722
0,465571773
0,523234521
0,434334567
0,593038285
0,795605067
0,328369593
0,538955015
0,500390346
0,78773084
0,463108706
0,577690216
0,305554256
0,396276615
0,280961321
0,456209472
0,208363893
0,535392695
0,200050043
0,669867185
0,425377042
0,456731759
0,192819443
0,376757107
0,341903338
0,490990856
0,249890137
0,11327895
0,39414495
0,302136297
0,43266117
0,442993665
0,567219157
0,301021735
0,522963168
0,812429299
0,334432617
0,304162467
0,170265207
0,287980355
0,212808454
0,61801546
0,426012698
0,509392766
0,417983269
0,503484886
0,669766267
0,647615919
0,301579856
0,712622692
0,438751651
0,842762167
0,515350891
0,469307687
0,466032152
0,678009014
0,492212565
0,37578702
0,430142735
0,706613348
0,331300711
0,895059873
0,735716672
0,854159734
0,718411678
0,488958703
0,371860279
0,580927948
0,725995304
0,269928066
0,199588859
0,547877067
0,44311156
0,330697375
0,374043882
0,582323844
0,775020477
0,500092264
0,239408882
0,305781446
0,661228402
0,144352935
0,496713861
0,242371067
0,247763056
0,195545489
0,376093671
0,608943881
0,331360957
0,809651168
0,412907358
0,21392288
0,297731645
0,692478187
0,743865402
0,699281289
0,463728547
0,594438315
0,327656322
0,253191476
0,376178802
0,744424033
0,356375584
0,400331154
0,133644966
0,91714628
0,30993669
0,409170921
0,582538932
0,49074932
0,462618367
0,714572289
0,097433791
0,478978044
0,314896277
0,262962494
0,33300159
0,654340806
0,777853494
0,648077431
0,681685964
0,317652117
0,592944058
0,539952157
0,312234319
0,786254612
0,762869985
0,550402129
0,609989962
0,527180974
0,394015388
0,544458299
0,386176681
0,611860541
0,483339371
0,607120114
0,542876705
0,495407742
0,48386619
0,456412616
0,677820553
0,593588337
0,454088432
0,633815377
0,635153819
0,375565371
0,497693364
0,675530396
0,607542719
0,440809243
0,715235801
0,358349933
0,365956101
0,679818338
0,550475216
0,435184552
0,720405654
0,521392924
0,465053645
0,245129511
0,478307399
0,434006207
0,760485342
0,455933709
0,574759262
0,5790776
0,545664356
0,593321085
0,76793745
0,478821104
0,211545597
0,603836142
0,470455158
0,463613252
0,464895285
0,644480073
0,427598788
0,784275292
0,26198604
0,714165293
0,367954221
0,457065299
0,420433678
0,477136795
0,362791631
0,549218969
0,544952163
0,170992855
0,591626924
0,749526926
0,623599962
0,454670005
0,45891953
0,756702677
0,717943022
0,488134186
0,638758768
0,73188204
0,420448958
0,407542471
0,190519525
0,364757916
0,288055585
0,632850459
0,285580451
0,815362326
0,657981434
0,366026434
0,289553177
0,580453275
0,714368666
0,545359065
0,726708407
0,545707977
0,478549998
0,363111379
0,705982594
0,52105049
0,547032116
0,844723996
0,50418053
0,462445257
0,339858718
0,202919159
0,530477093
0,563207933
0,413744055
0,521335848
0,566621126
0,577477086
0,401748095
0,760344449
0,844362978
0,586751592
0,41703062
0,708814547
0,327329492
0,589767417
0,641073061
0,581311063
0,556917912
0,163369907
0,389026692
0,27457825
0,531051088
0,578970751
0,418949486
0,526909001
0,449539402
0,402161141
0,807346814
0,481729766
0,833100657
0,445950289
0,739686585
0,587356344
0,193481356
0,432556437
0,648114386
0,31214644
0,741958554
0,328816772
0,165819772
0,36700938
0,264429338
0,354643319
0,610924079
0,316902236
0,530218871
0,7634104
0,488162621
0,787326101
0,526465354
0,321193419
0,160665104
0,410107807
0,610022698
0,437861622
0,773315664
0,618987431
0,301486953
0,182227011
0,478863907
0,470211396
0,449817098
0,353488496
0,17256931
0,418658276
0,264078664
0,512192829
0,399708739
0,539504053
0,760802948
0,597426211
0,763953271
0,304802594
0,640838987
0,623633989
0,638151882
0,482100211
0,740530445
0,298819256
0,752633497
0,359772298
0,639384835
0,641235225
0,406490283
0,759992929
0,516176521
0,496075018
0,342957598
0,432481617
0,553565359
0,466636148
0,35917901
0,586101159
0,591251296
0,410107807
0,498828956
0,377571826
0,325172599
0,269956174
0,350774575
0,776955172
0,584154992
0,527495947
0,452530939
0,696158414
0,575107744
0,629332398
0,421852797
0,484022792
0,498161802
0,593258225
0,264370952
0,704751887
0,401350557
0,279012462
0,611268817
0,474964957
0,654814352
0,687502276
0,697724853
0,383003867
0,505628761
0,613476179
0,670818015
0,618819655
0,486612597
0,310602219
0,372274073
0,088788962
0,686517589
0,522035145
0,416060781
0,283635202
0,639349024
0,250666811
0,571331137
0,740590917
0,487110387
0,3685825
0,584216659
0,549861472
0,365832979
0,275176832
0,656145003
0,555489839
0,390386307
0,70736839
0,393756136
0,281692586
0,056996985
0,404473229
0,582247049
0,544051776
0,574607815
0,594454071
0,380357461
0,784057693
0,874144742
0,339218683
0,234108426
0,46105943
0,717735166
0,7267634
0,68488708
0,6064222
0,517429691
0,553462656
0,685103723
0,248945443
0,301417245
0,59584277
0,487565446
0,279541535
0,59885631
0,681238763
0,678134748
0,46351236
0,204687371
0,447622272
0,437297343
0,794344212
0,375411835
0,605579873
0,358782797
0,638437318
0,199073723
0,552084751
0,708814547
0,466348567
0,326469267
0,781778641
0,577461865
0,552612184
0,339043835
0,599971958
0,446390621
0,353506865
0,729286886
0,533536393
0,233331502
0,450868609
0,597331041
0,352144194
0,658231162
0,801704419
0,320877764
0,479006577
0,68785356
0,521036223
0,24074199
0,474864874
0,649318221
0,671345735
0,416307265
0,145629999
0,17192837
0,505500966
0,645979312
0,402335772
0,494513233
0,231799564
0,529272451
0,846839111
0,579963738
0,845635256
0,647542151
0,208223215
0,773630865
0,649689731
0,494612628
0,441533181
0,375923345
0,36353717
0,45442288
0,427885335
0,330395107
0,812960415
0,495237366
0,496358952
0,461694812
0,512022209
0,86532872
0,451525162
0,640155873
0,413294897
0,580101375
0,298252624
0,501412353
0,642083596
0,358980973
0,28304193
0,387497353
0,508966522
0,45526575
0,694059682
0,546260685
0,35706547
0,745956547
0,506850027
0,776225653
0,487025057
0,524191717
0,4927381
0,399533018
0,34217212
0,552670809
0,370667602
0,480874672
0,590829079
0,376977957
0,52183532
0,139070596
0,337288355
0,549569366
0,289404012
0,769030886
0,661403573
0,438306779
0,205027426
0,869417741
0,688889063
0,639653567
0,75393084
0,666858895
0,386606424
0,534428227
0,340168434
0,712320898
0,384186589
0,773197693
0,387909088
0,357536519
0,157763062
0,15635323
0,446698709
0,81415277
0,344331034
0,694832592
0,514127119
0,806848981
0,483937374
0,571045105
0,371981025
0,148911226
0,556122573
0,690641935
0,150684013
0,409436563
0,492311994
0,332901885
0,623259888
0,608079769
0,38991182
0,256999047
0,331260538
0,316321885
0,519267875
0,550475216
0,547833343
0,695608667
0,438633047
0,447856662
0,833024156
0,835592469
0,844723996
0,479306152
0,54856235
0,821956781
0,464362469
0,68213413
0,454364724
0,456949298
0,466593015
0,525077935
0,365075549
0,604626331
0,356575463
0,685255511
0,181912767
0,413713091
0,390239116
0,497735949
0,402573789
0,675178615
0,698211282
0,718437754
0,646181055
0,580330848
0,43310983
0,596127363
0,636055356
0,638705168
0,231649017
0,758215695
0,685407413
0,708544005
0,605887436
0,279435861
0,589611493
0,722639011
0,427085669
0,455599786
0,531855078
0,717969023
0,494200842
0,492496644
0,344768197
0,410793667
0,563163335
0,68055915
0,558392988
0,657272042
0,741288242
0,445964971
0,62329388
0,442610381
0,619928491
0,306257664
0,37889153
0,340013625
0,509151223
0,596190632
0,453419177
0,636498289
0,300998443
0,461290519
0,553741453
0,788545214
0,421913751
0,68695463
0,359664519
0,369644173
0,602597547
0,520807966
0,387974923
0,765928454
0,420601727
0,555563386
0,689530707
0,733484326
0,665369322
0,378773306
0,657751139
0,173345405
0,747062009
0,529745584
0,350978612
0,405719211
0,400315206
0,723552088
0,535191102
0,758111946
0,549656988
0,287125397
0,358295778
0,731825138
0,583877587
0,674827401
0,518654987
0,576002658
0,617697646
0,372842163
0,663456724
0,45391389
0,523677341
0,463570014
0,395179914
0,489726202
0,471014222
0,64669526
0,789687347
0,50479103
0,073825556
0,57285394
0,285910907
0,554064393
0,5392295
0,455149536
0,648836035
0,487295262
0,33968433
0,457616124
0,400857091
0,515906029
0,830322064
0,279435861
0,850294733
0,308262886
0,23013262
0,422309784
0,465197591
0,681813913
0,553213287
0,489910949
0,296135647
0,598204225
0,33162184
0,429977479
0,738400481
0,676984949
0,227037876
0,496287969
0,393042303
0,191255341
0,587340829
0,635524709
0,546595378
0,56883667
0,816035153
0,761582835
0,58483374
0,571075207
0,442300661
0,238984853
0,492311994
0,181280614
0,643134058
0,495791076
0,500858763
0,424558726
0,746618726
0,365498536
0,546901072
0,637083981
0,462373121
0,460712705
0,664914414
0,434603103
0,333081323
0,656164063
0,944210567
0,628156974
0,357862166
0,699351288
0,562257135
0,399181354
0,572521906
0,496884214
0,695631541
0,536631786
0,772570606
0,682347883
0,218688232
0,503626851
0,2732366
0,458543159
0,620096809
0,685017038
0,773788801
0,621564705
0,54147132
0,394063979
0,349155258
0,826164794
0,747984966
0,289055449
0,455207644
0,532702654
0,551601566
0,500660041
0,468130561
0,458224585
0,731626152
0,445994333
0,618584906
0,609286808
0,688911154
0,166592533
0,836469467
0,69218591
0,195222724
0,39592213
0,305167408
0,488091534
0,299736277
0,558821311
0,694992111
0,319483252
0,354606732
0,687941478
0,32891828
0,108557825
0,278295398
0,567458526
0,280620671
0,347131047
0,646089335
0,772297354
0,544298573
0,284200671
0,368128872
0,317694886
0,270068556
0,778387843
0,51755789
0,386705524
0,36270275
0,508270402
0,665904473
0,683248068
0,170045523
0,243092083
0,630790499
0,212539165
0,801288591
0,665468331
0,333579034
0,493249387
0,485944015
0,322973348
0,523363071
0,399501061
0,772727049
0,221282006
0,759712439
0,136913637
0,296326965
0,581173109
0,291799709
0,618601668
0,650938109
0,695380078
0,483709579
0,381230662
0,54773133
0,43516965
0,4145175
0,436107857
0,21563754
0,435869707
0,469494213
0,410933833
0,453535603
0,486882835
0,373598052
0,517486668
0,56035945
0,518227487
0,490038847
0,491033478
0,886333215
0,474092612
0,788182458
0,668538668
0,51834148
0,417768309
0,079172441
0,70463169
0,194682187
0,415119948
0,438039719
0,449670953
0,548285258
0,410076608
0,277788837
0,57438072
0,582016731
0,620905897
0,359844127
0,204978921
0,435244159
0,200050043
0,561174231
0,697355094
0,200712183
0,53826188
0,344730213
0,69026341
0,280068854
0,766520114
0,428668863
0,731796695
0,650770072
0,333996291
0,321067213
0,509364349
0,093209512
0,762798114
0,378908415
0,565949007
0,709604009
0,373563732
0,510344856
0,342517269
0,443818541
0,544894048
0,836069488
0,27533968
0,405671959
0,429376169
0,611350944
0,234071546
0,289851116
0,793480861
0,4398478
0,689110084
0,29280239
0,238736817
0,698559516
0,499013486
0,320877764
0,87010722
0,307274154
0,809480475
0,507830048
0,593493994
0,460886081
0,684800487
0,32570866
0,563862381
0,58296938
0,549569366
0,132599142
0,586023784
0,272519887
0,677047507
0,394468668
0,504024361
0,80285778
0,374232317
0,639563962
0,540631895
0,700029331
0,54894167
0,191086089
0,360722587
0,576245593
0,518127748
0,300695381
0,61801546
0,213745388
0,435393152
0,418964808
0,412146882
0,365057912
0,638169714
0,250602264
0,490109899
0,508710793
0,592143915
0,567443563
0,673797674
0,390010038
0,846188131
0,18804003
0,189547783
0,308397322
0,470770553
0,371963778
0,501156849
0,780174459
0,573579036
0,574880449
0,163128281
0,348163863
0,379009712
0,549934514
0,528527214
0,510174317
0,257919221
0,667377518
0,542499814
0,205075908
0,629921762
0,769106679
0,343931223
0,188855192
0,42561928
0,582585034
0,331260538
0,644954556
0,420555901
0,668860022
0,547119488
0,274523718
0,721598165
0,678953828
0,686277622
0,367989159
0,500759402
0,812723953
0,588692592
0,69588334
0,651050194
0,64264456
0,436345922
0,657731957
0,907762707
0,298866396
0,441001378
0,160329992
0,525263812
0,369452992
0,62280134
0,594233543
0,457326254
0,276313185
0,528068788
0,839251371
0,543703461
0,649764095
0,537511463
0,252206518
0,483851953
0,717113192
0,576792585
0,362257941
0,434767153
0,557994429
0,690575083
0,493888438
0,777403404
0,806025435
0,665151647
0,578116725
0,220285427
0,394015388
0,502803478
0,409420941
0,36546331
0,577766354
0,604690906
0,369139897
0,757835708
0,591548643
0,503484886
0,449144626
0,465183197
0,592300695
0,124333137
0,529702566
0,43090834
0,352236484
0,571994054
0,633393944
0,33869376
0,64903993
0,451831387
0,626814031
0,410014203
0,675571819
0,740863366
0,518868767
0,278853395
0,503342923
0,417967917
0,423693656
0,591579954
0,526422427
0,487764515
0,691580281
0,624383466
0,230893321
0,400251409
0,405057227
0,276555611
0,643606239
0,410232583
0,196983807
0,423556944
0,444554286
0,641902878
0,391317189
0,434095776
0,78537021
0,500248402
0,639546044
0,924464064
0,389698924
0,682240979
0,673694966
0,539186156
0,360113329
0,229750365
0,531984335
0,595179436
0,569932376
0,395873766
0,735570662
0,733945368
0,401271004
0,480447005
0,301114872
0,63525974
0,764425773
0,487551226
0,438455101
0,684540929
0,45480081
0,634061485
0,235683433
0,260343459
0,556564325
0,647394674
0,575244164
0,378823978
0,436092975
0,450386824
0,525421108
0,661773797
0,683398482
0,596238089
0,558319165
0,742203113
0,652680862
0,480062034
0,39053344
0,697424368
0,364316196
0,464549701
0,468403399
0,653019525
0,484264795
0,655402776
0,42508925
0,725694604
0,605353401
0,391398737
0,557286408
0,700545391
0,600690734
0,564472782
0,473734963
0,044185173
0,564085633
0,544632575
0,391137722
0,537554743
0,215855322
0,627243847
0,249402359
0,779547832
0,662066481
0,40859223
0,418274857
0,801444306
0,707051361
0,480204624
0,721412072
0,317331073
0,699211316
0,30282951
0,844543241
0,435780379
0,412891851
0,159058586
0,367919279
0,322284076
0,538825019
0,444510161
0,390419008
0,633639709
0,310424965
0,672180444
0,587325313
0,674064939
0,471859592
0,457847961
0,611959254
0,648706364
0,715005822
0,328125299
0,681472891
0,299078372
0,38203474
0,586844582
0,334808791
0,392441018
0,208644647
0,524120267
0,346452779
0,504251516
0,813316354
0,481145486
0,588008465
0,502661522
0,444274786
0,623855248
0,258224582
0,825125628
0,503896588
0,294742392
0,535940043
0,2221875
0,470598528
0,464981666
0,658481142
0,616196113
0,667937341
0,283274337
0,570127708
0,379161601
0,238346016
0,437653784
0,732052879
0,49019516
0,209852121
0,489484598
0,471873916
0,41411546
0,317352492
0,448574068
0,490394097
0,397450633
0,606519508
0,277360989
0,583430977
0,204687371
0,485374895
0,667497366
0,59200286
0,336445065
0,374779871
0,495918851
0,656106887
0,300905246
0,54400823
0,569992472
0,448149556
0,387645631
0,435527218
0,361330559
0,59284985
0,363749835
0,176170909
0,374061017
0,675116595
0,516774549
0,656507395
0,158543336
0,454466495
0,480332947
0,43601856
0,64082099
0,532285982
0,378418385
0,252078893
0,462834719
0,303497175
0,587046121
0,582093492
0,350830237
0,453040688
0,153160889
0,41965385
0,301603075
0,388878967
0,419500807


data3
0,21452808
0,214900047
0,146826688
0,140323781
0,108133581
0,253341316
0,107094545
0,170104333
0,211748891
0,177655925
0,092480608
0,277950852
0,147621734
0,172768745
0,107823052
0,234079973
0,263704902
0,187651464
0,199222329
0,237035102
0,113025461
0,046232065
0,087407111
0,145156455
0,088567384
0,255726694
0,112902192
0,236896331
0,150423069
0,277208944
0,225363401
0,153644566
0,283301492
0,257519038
0,075497356
0,192700669
0,257732268
0,224688484
0,102266987
0,249366325
0,286493076
0,084370728
0,147927104
0,179765118
0,271249751
0,338742719
0,106465608
0,06054528
0,13535545
0,363641487
0,097952973
0,123771531
0,23949429
0,301085843
0,064856824
0,128933474
0,374886374
0,090250984
0,168993274
0,263704902
0,316531581
0,278845811
0,303369854
0,271524963
0,208350142
0,198598908
0,127589886
0,199996511
0,278796569
0,244756545
0,081953357
0,260800222
0,113737733
0,243778828
0,216993232
0,177012412
0,165337023
0,234497333
0,226453818
0,401806735
0,184122528
0,198676758
0,130991569
0,13322082
0,099585358
0,240530878
0,10363473
0,174323539
0,30612524
0,246269085
0,193367457
0,030883154
0,275896352
0,186428673
0,032813521
0,272146782
0,312426586
0,106981298
0,187220675
0,210072462
0,336213805
0,168541032
0,310828829
0,053667015
0,154375194
0,162511929
0,129291491
0,162186076
0,199172687
0,209257651
0,136492595
0,066600664
0,111877783
0,15415408
0,333651438
0,068926485
0,40084402
0,096660715
0,303417736
0,232539794
0,265212514
0,074377766
0,198605984
0,186251364
0,399211757
0,156976655
0,241584152
0,217047007
0,114542796
0,198818361
0,119526835
0,313407159
0,209109832
0,174777768
0,224680466
0,193485677
0,190473811
0,295800701
0,05848262
0,309980812
0,216150171
0,273893327
0,239732827
0,133891965
0,176081661
0,124719823
0,281137128
0,295230306
0,249546924
0,361836488
0,320812441
0,135878814
0,06310007
0,136323439
0,116120308
0,160789006
0,123105667
0,128281336
0,270542025
0,07571221
0,137652302
0,186190005
0,148523626
0,24707853
0,126138918
0,276412182
0,2089252
0,283649613
0,126799355
0,246000369
0,196462901
0,219327408
0,301960998
0,269534117
0,301537975
0,118142214
0,291935907
0,271973692
0,137631266
0,409253021
0,257559624
0,161560842
0,061620697
0,041305794
0,165137641
0,147940671
0,267059771
0,285146248
0,125863561
0,12197892
0,131540437
0,1785216
0,169385733
0,192014458
0,191136207
0,169339167
0,1059911
0,282009963
0,08688149
0,071514992
0,178427596
0,152570545
0,345416837
0,1448078
0,184808351
0,141860331
0,275299743
0,357813249
0,151110677
0,196097911
0,127648841
0,252676525
0,150901797
0,275168945
0,126688232
0,142536075
0,057502363
0,363150755
0,163196763
0,086789592
0,221549941
0,225484207
0,113206008
0,232052216
0,133206516
0,346097209
0,084094037
0,140850738
0,208342779
0,070847472
0,233986439
0,270975241
0,205285942
0,280697266
0,084514536
0,218210775
0,195243342
0,143876314
0,248090357
0,113745894
0,127442406
0,214657051
0,151272332
0,189881463
0,215783447
0,379157243
0,210399253
0,426831242
0,191191464
0,241405069
0,220795582
0,157924292
0,4494521
0,129174667
0,297593279
0,100895216
0,283649613
0,293855428
0,394855429
0,242374883
0,23192637
0,150369099
0,0860491
0,13115784
0,156809718
0,095966092
0,179227073
0,157163588
0,446569941
0,098648574
0,448677506
0,050035173
0,143553795
0,05494542
0,29919314
0,223760851
0,241163673
0,285500959
0,17109623
0,196020759
0,281250547
0,311404753
0,300172982
0,341309345
0,247153212
0,306670336
0,257488607
0,248259761
0,216081357
0,106158335
0,280084662
0,09474927
0,17953639
0,268067308
0,103181248
0,077285096
0,416968491
0,313228019
0,128009502
0,1406983
0,260477314
0,152059696
0,098011184
0,117953313
0,237730956
0,198125199
0,263245841
0,209375978
0,212859011
0,235971668
0,103752246
0,302702208
0,157770865
0,207123907
0,07927232
0,093562501
0,117044193
0,275944228
0,180431628
0,36803984
0,181119154
0,180903368
0,311966992
0,317505566
0,304801565
0,297011662
0,290802734
0,184427965
0,07506452
0,224152081
0,121358465
0,126064544
0,225839076
0,269884125
0,261249615
0,322118064
0,479895456
0,242356862
0,229537886
0,265093328
0,119992893
0,087281847
0,150895058
0,187925225
0,32026486
0,225588976
0,300265392
0,122915952
0,214444674
0,195607287
0,243815251
0,270031239
0,225089894
0,135192534
0,09352121
0,201287086
0,264477736
0,127980089
0,164838566
0,13345668
0,202929233
0,221983577
0,288603338
0,049524591
0,155412822
0,224961339
0,268178589
0,342470697
0,114526588
0,30175707
0,267192109
0,242203773
0,142680683
0,294172013
0,250722276
0,171176142
0,226883875
0,257245441
0,204633011
0,213899604
0,111336863
0,276004105
0,174570665
0,261522187
0,290663773
0,252316286
0,071246132
0,205424014
0,342081535
0,299896322
0,087588839
0,22573415
0,321304509
0,324035489
0,139865346
0,201744959
0,180498995
0,148123778
0,111320175
0,202469216
0,212318204
0,100979294
0,075021004
0,311352234
0,212333207
0,097807248
0,139092579
0,119402276
0,128281336
0,152678034
0,099204362
0,238535357
0,321740027
0,245179066
0,233274085
0,351166867
0,104463
0,34009043
0,378491486
0,184237892
0,443982984
0,064325861
0,16931921
0,189393161
0,314781317
0,140254371
0,141597897
0,252969377
0,191917531
0,187179671
0,056659345
0,213793791
0,078793227
0,16108181
0,06436406
0,294143188
0,251405714
0,137111802
0,422000898
0,314109493
0,219148602
0,210168962
0,102266987
0,326336046
0,273916809
0,212656041
0,23150762
0,314091411
0,040167879
0,211472291
0,254701534
0,286055301
0,196736941
0,138967052
0,547905319
0,106167129
0,252219101
0,157483958
0,145149622
0,196315446
0,334581718
0,112844618
0,233265624
0,172615391
0,256056979
0,142246656
0,364100396
0,118275848
0,130998802
0,41274363
0,089683909
0,102523978
0,138813549
0,194363271
0,297802973
0,239203288
0,251831117
0,083560764
0,268837453
0,251203185
0,15805102
0,147336516
0,371789843
0,129932678
0,062540518
0,16680585
0,224961339
0,178239628
0,084860532
0,194963681
0,170590218
0,310915839
0,051682265
0,213265561
0,208401689
0,321304509
0,139433987
0,150740025
0,236662453
0,187637781
0,193993827
0,128794457
0,366737461
0,071953992
0,430489571
0,325374531
0,130281471
0,202418953
0,187932071
0,071703712
0,205373136
0,104954468
0,186026426
0,171149504
0,271490523
0,144157402
0,302781426
0,192173754
0,145279427
0,285843752
0,334722248
0,36582258
0,162844392
0,27705152
0,065063211
0,155646922
0,155212107
0,178749952
0,218799267
0,246194902
0,266795567
0,169492176
0,337906517
0,132626395
0,095556112
0,149619635
0,036665226
0,146527278
0,283057248
0,024523313
0,254473784
0,24135139
0,238167572
0,137224213
0,09270048
0,072772384
0,104274626
0,231767111
0,153865851
0,497764654
0,077738503
0,129743472
0,242221775
0,210652118
0,212055825
0,156602671
0,098282244
0,12840609
0,249594493
0,055790438
0,125714523
0,189757606
0,174103185
0,214786105
0,237574097
0,201508766
0,1284721
0,108254074
0,377440555
0,074539462
0,303897998
0,209723939
0,094393337
0,194258667
0,051652751
0,285356292
0,147540264
0,097427034
0,186947397
0,074861075
0,220881858
0,193450902
0,118644582
0,098030577
0,141570259
0,113123978
0,102349677
0,204756205
0,146363865
0,156555912
0,232295812
0,089266211
0,300219175
0,180472047
0,184176813
0,267192109
0,398412242
0,370646073
0,109714021
0,138813549
0,321107321
0,138673921
0,135539473
0,317486726
0,075411125
0,131619749
0,197377379
0,0887345
0,222957238
0,145006098
0,0681099
0,108965391
0,294301836
0,0512958
0,093106903
0,185202663
0,312284906
0,119324366
0,236567277
0,202950817
0,202404594
0,09624474
0,133320914
0,228402137
0,270269306
0,116638867
0,17362926
0,233096518
0,281882993
0,199513275
0,309038897
0,365387858
0,138953101
0,298013151
0,195516259
0,199002553
0,04339153
0,315624196
0,169146258
0,27225077
0,04955683
0,085885834
0,218195314
0,243396975
0,041161358
0,245298717
0,160343045
0,300961518
0,115374438
0,366443329
0,227290623
0,180054518
0,248731492
0,114599505
0,235808083
0,140732952
0,221739033
0,056265473
0,178206068
0,070509508
0,122619503
0,233375645
0,203382894
0,461398515
0,340824448
0,190604811
0,310550994
0,114672376
0,14145968
0,269016812
0,362976356
0,140781458
0,260248694
0,241584152
0,246464014
0,193952031
0,047852298
0,104480919
0,245917085
0,1525907
0,122946323
0,196990131
0,076392941
0,172862101
0,211427472
0,187610417
0,164878443
0,050534996
0,171902226
0,103679947
0,158171063
0,23386748
0,402654081
0,042286508
0,189090876
0,245954094
0,104274626
0,23083996
0,118299416
0,180957306
0,090381122
0,196132986
0,221762684
0,158977676
0,221439731
0,126450918
0,188069026
0,162970718
0,236049219
0,07357511
0,071813397
0,183824073
0,176302528
0,265375245
0,206948229
0,226437611
0,279006012
0,146207194
0,319992453
0,18336997
0,211263216
0,175031702
0,219958514
0,169911348
0,335499865
0,181389007
0,110977493
0,504421874
0,202648809
0,212415744
0,356978746
0,100266533
0,203505454
0,411199537
0,08901201
0,170583561
0,258496935
0,173248946
0,249899349
0,104166803
0,257966244
0,197426702
0,163741872
0,17176897
0,25679083
0,153127931
0,202418953
0,159890295
0,407871402
0,100266533
0,338866485
0,266553931
0,018581301
0,222086228
0,165622802
0,091583077
0,24420742
0,134916013
0,111111356
0,125505634
0,13916229
0,149416872
0,153067517
0,313138592
0,246519761
0,145689028
0,090294393
0,154033441
0,239485463
0,342548778
0,324015064
0,226957015
0,298570974
0,351638123
0,341463136
0,282264386
0,173509146
0,215478374
0,489737954
0,279215886
0,204415764
0,251753664
0,151905006
0,21696251
0,3187778
0,127899176
0,175312453
0,217123856
0,358234326
0,303051298
0,139920955
0,143944894
0,257813599
0,222141527
0,116407785
0,197342153
0,193339646
0,339788816
0,209368581
0,204365101
0,168999926
0,09578639
0,100586181
0,291472601
0,19666665
0,319142218
0,067063507
0,307989373
0,105876501
0,274919692
0,201422932
0,144602545
0,380464543
0,131670203
0,102082937
0,112762318
0,355028507
0,182043969
0,1232118
0,319238389
0,09552602
0,088332642
0,176389553
0,236498097
0,32405592
0,106937706
0,373564493
0,298965021
0,266718626
0,207226449
0,230324479
0,075655016
0,133249423
0,098667806
0,110322429
0,223760851
0,126146354
0,150328617
0,126873395
0,145886835
0,413531793
0,323020586
0,196821313
0,099461738
0,184013977
0,403049346
0,187986847
0,110692462
0,123491929
0,170596875
0,271375802
0,313550748
0,211076717
0,365931704
0,252627783
0,165011366
0,034721975
0,124163607
0,279215886
0,240504204
0,140420927
0,133870579
0,210139265
0,145825458
0,431803841
0,318950216
0,174851268
0,044680624
0,138296544
0,168747191
0,106263801
0,155319161
0,178347032
0,229117213
0,323384465
0,221243097
0,145784534
0,211114004
0,257732268
0,294359594
0,110843458
0,319604879
0,390418691
0,205780468
0,242726778
0,276183942
0,173242275
0,325665928
0,256599397
0,420182409
0,200388006
0,337370392
0,226081465
0,128193221
0,25729606
0,152295013
0,274753852
0,115567371
0,069428128
0,358201843
0,355745597
0,219592051
0,218954446
0,268412647
0,177783358
0,21931963
0,143780278
0,127058352
0,201308531
0,039858728
0,169645196
0,069178123
0,232927599
0,196765062
0,104892068
0,368947952
0,231909598
0,139001927
0,315201687
0,144356077
0,137364653
0,167916001
0,213122422
0,171529143
0,182645645
0,081015759
0,251328522
0,238860143
0,142205287
0,178394026
0,245353976
0,185005463
0,169425649
0,251714955
0,22507382
0,362767671
0,141590988
0,098581224
0,399211757
0,143697939
0,1321956
0,172535389
0,090011695
0,071451891
0,073515054
0,241817307
0,159370781
0,089935366
0,211935992
0,130528136
0,238106366
0,102816727
0,069709532
0,116272117
0,088175638
0,098533081
0,122101157
0,216924114
0,135057862
0,187234343
0,170277371
0,041305794
0,300188377
0,231131709
0,249499374
0,267114893
0,155854208
0,23192637
0,231348791
0,131114479
0,313586684
0,143327154
0,144294431
0,151002879
0,212190721
0,24478406
0,386383337
0,213371096
0,162166125
0,071953992
0,190205067
0,308427936
0,201051313
0,194300505
0,042286508
0,274281461
0,259266562
0,391934823
0,12682157
0,505463609
0,116877456
0,151171303
0,209050733
0,330083681
0,195908574
0,215044469
0,316475739
0,087486686
0,047886981
0,152758637
0,249604008
0,30708558
0,219304076
0,236446233
0,198195851
0,184203958
0,312444313
0,176603811
0,196245256
0,114193823
0,202304104
0,346015225
0,151009617
0,230075658
0,151420472
0,097797523
0,186619706
0,20374354
0,077008145
0,402785539
0,275526053
0,217477764
0,20085143
0,157483958
0,212828928
0,050750436
0,172022168
0,171136185
0,262618952
0,12980171
0,091306052
0,287495417
0,509326433
0,24028211
0,174637467
0,46405698
0,241521447
0,337662347
0,083022159
0,10400482
0,131374497
0,108597521
0,351697251
0,314037187
0,318605747
0,153429913
0,073469956
0,085404976
0,124208781
0,190708267
0,069643502
0,109527387
0,110170667
0,112432497
0,201673362
0,135744552
0,230166847
0,351993642
0,32572851
0,133927604
0,111977346
0,098465629
0,120023906
0,219280746
0,167131553
0,112085101
0,126042225
0,25187955
0,176603811
0,477037657
0,171349301
0,131295084
0,035556299
0,077861403
0,127619366
0,087372975
0,377614511
0,327800728
0,321304509
0,099689808
0,147798198
0,183878324
0,178702932
0,20096563
0,157116859
0,213145016
0,197772207
0,13318506
0,167244557
0,092940464
0,045586747
0,143327154
0,255966812
0,317713088
0,081978462
0,230200019
0,139788865
0,185978727
0,197701662
0,188926096
0,143306543
0,145381871
0,156722898
0,249880274
0,107624132
0,121940699
0,255866705
0,243387896
0,114161306
0,238325079
0,126895601
0,183491926
0,153289006
0,090370287
0,23206061
0,134759874
0,167935946
0,11709179
0,024355153
0,08030753
0,278759653
0,233646804
0,169199473
0,256810998
0,109297862
0,053447802
0,223036637
0,181240571
0,161580799
0,234207613
0,215242271
0,299421836
0,241038669
0,247087863
0,178454453
0,103507996
0,163894756
0,226210885
0,198118135
0,048366999
0,083755289
0,13999045
0,189317567
0,325001449
0,130012668
0,256297753
0,256056979
0,162106269
0,124539649
0,174657509
0,214687409
0,432361201
0,15543289
0,227266189
0,174697594
0,316624734
0,299896322
0,124336701
0,404725784
0,071782089
0,291514626
0,19981875
0,147560633
0,182064239
0,071875943
0,177240256
0,179059031
0,182625352
0,292415649
0,140656712
0,131446662
0,133149294
0,10442715
0,193263181
0,165363607
0,244930903
0,158424442
0,22547615
0,166041507
0,079864653
0,210228368
0,114266952
0,113672426
0,280459285
0,278833499
0,265353534
0,085322467
0,415799315
0,146363865
0,183905451
0,14805597
0,411581631
0,134766974
0,225460039
0,113140389
0,390848027
0,208099944
0,32701192
0,134518348
0,149802046
0,084238572
0,246426863
0,115551305
0,241011898
0,245806121
0,204893968
0,239591423
0,250597538
0,183878324
0,251183914
0,362490425
0,188233435
0,13585762
0,18592422
0,226835133
0,321087629
0,182855387
0,210317508
0,428057619
0,152409274
0,269692046
0,094941733
0,059364704
0,158924364
0,20290765
0,156101544
0,159637224
0,081550007
0,184543406
0,29531783
0,317694201
0,266630759
0,033452529
0,169911348
0,150058653
0,244344492
0,095876297
0,295522375
0,165682617
0,150571456
0,254731272
0,260967235
0,175867547
0,306273563
0,289408478
0,254800688
0,120557753
0,092606338
0,362455849
0,166593155
0,181476738
0,141328313
0,202763817
0,230025941
0,228936088
0,277439458
0,104175794
0,26421954
0,253783219
0,185284288
0,279512916
0,143924321
0,210481029
0,18927634
0,423500442
0,200680224
0,147132664
0,222149428
0,183112611
0,090435267
0,209213295
0,160536088
0,257326442
0,137603215
0,195845489
0,177870562
0,304300227
0,218713975
0,082763167
0,275657299
0,147343309
0,145176953
0,182645645
0,123438972
0,248797672
0,046639421
0,332732388
0,188391059
0,257033075
0,296050445
0,276942675
0,383688621
0,209560994
0,194509775
0,238395138
0,219950709
0,262006008
0,101053956
0,172342072
0,294735897
0,321048259
0,137981634
0,201959869
0,144657292
0,184862718
0,19784277
0,199790319
0,185141453
0,267590074
0,068366979
0,246482594
0,383736588
0,02161265
0,115583434
0,217362286
0,191101676
0,15706345
0,13951753
0,224840908
0,091943566
0,21576055
0,141100007
0,243642329
0,147703188
0,231633126
0,099727755
0,249138563
0,301960998
0,19490778
0,322819145
0,215310788
0,266993661
0,16483192
0,227030188
0,249252394
0,0787397
0,145873197
0,231599648
0,183329326
0,140184942
0,343123931
0,126710462
0,254394666
0,064095771
0,315587371
0,235044215
0,117163152
0,218156666
0,160309759
0,300219175
0,297503558
0,285923029
0,142653144
0,196673678
0,137336572
0,151945364
0,304834008
0,353829202
0,16136126
0,177568749
0,27568118
0,176175355
0,182422469
0,311037803
0,28485817
0,27598015
0,241718616
0,108400187
0,053003744
0,198967122
0,360917934
0,113941572
0,201659046
0,228148106
0,319411784
0,021140577
0,13446148
0,138184621
0,088967693
0,047607992
0,219841477
0,18475399
0,245547565
0,180930336
0,265440403
0,303130829
0,341411836
0,304688109
0,316085903
0,103679947
0,177535222
0,100867171
0,212738708
0,079746756
0,135263382
0,22082695
0,06571192
0,204618522
0,127884461
0,2068897
0,283378746
0,271100971
0,138764687
0,194405122
0,27631602
0,106325267
0,086824071
0,166500104
0,256508825
0,107961188
0,334278125
0,116988639
0,314890774
0,091134983
0,201895377
0,136739064
0,188521319
0,153906077
0,285067597
0,280797637
0,154596235
0,096611319
0,352530309
0,11878552
0,139642796
0,312267212
0,309619945
0,198414985
0,243016189
0,06807549
0,117424459
0,31371258
0,153577495
0,303593528
0,164665764
0,248844964
0,2599998
0,247424293
0,159024322
0,139350418
0,18620364
0,151050043
0,334675376
0,226186611
0,281162321
0,379425513
0,287953254
0,072078563
0,131598121
0,25780343
0,255526958
0,088756748
0,249508882
0,207175173
0,546401034
0,180856176
0,217701221
0,273588526
0,332663903
0,109399938
0,184611326
0,220263163
0,222735113
0,114258829
0,202454854
0,40452204
0,325561734
0,128002149
0,164792042
0,257630683
0,374594892
0,126843783
0,342888094
0,209672079
0,423977629
0,431472214
0,451361469
0,220349183
0,124110886
0,112457268
0,128765176
0,25099136
0,101926175
0,215386946
0,187658306
0,193290984
0,33486304
0,144985589
0,282493923
0,186947397
0,209827695
0,071293708
0,297011662
0,048299048
0,275121422
0,060886621
0,324035489
0,09775861
0,092112522
0,180411419
0,201465846
0,298767783
0,13524213
0,157470611
0,425042419
0,188871186
0,230282982
0,264251782
0,306653768
0,32688475
0,179570021
0,18639457
0,086915914
0,228590871
0,071420303
0,16003013
0,356438516
0,120958691
0,111545236
0,208232367
0,187637781
0,167198026
0,262006008
0,282723989
0,14115537
0,109518896
0,076994254
0,214262818
0,124133483
0,074846507
0,303849854
0,338668558
0,068452284
0,352023349
0,264585492
0,151413739
0,363395674
0,168288343
0,115759988
0,224600302
0,297757998
0,32395382
0,195628297
0,172582056
0,28370129
0,237975298
0,136175325
0,158711091
0,151541647
0,111395249
0,151804097
0,247013218
0,21834225
0,262006008
0,041112958
0,103688988
0,087611515
0,142742637
0,329863342
0,206853127
0,238298816
0,157644102
0,276544551
0,107077131
0,198528153
0,117645744
0,127383378
0,149416872
0,197525375
0,175018336
0,162179426
0,132819952
0,129262292
0,516914935
0,195593281
0,32990736
0,322217844
0,267867284
0,114461734
0,219997543
0,26486614
0,130477379
0,120650382
0,233316393
0,219335186
0,219311853
0,187261682
0,221101655
0,191191464
0,353555341
0,077983985
0,106334045
0,034864305
0,158564443
0,108073279
0,230009372
0,224208044
0,076463267
0,173882881
0,067989326
0,293640191
0,189303824
0,26851311
0,136182381
0,117637848
0,29448968
0,243915466
0,173429077
0,107242432
0,231265262
0,289298909
0,131258977
0,156395575
0,196469924
0,234395015
0,33214088
0,149970882
0,258282332
0,081600599
0,060566723
0,24022886
0,333882943
0,15253695
0,068144279
0,116407785
0,118385795
0,261207737
0,084789124
0,295522375
0,147662463
0,168394736
0,250080702
0,171315999
0,142763286
0,211823711
0,168580932
0,280471796
0,170044439
0,191226004
0,381613661
0,272112141
0,294982771
0,43453443
0,142914667
0,440202288
0,175553171
0,303817772
0,178588754
0,341104789
0,257519038
0,13345668
0,073168076
0,246315471
0,146561314
0,247059866
0,197976888
0,229852054
0,25023362
0,127405516
0,431033241
0,207417007
0,397382734
0,146554507
0,116885401
0,112201024
0,139336487
0,219685545
0,174103185
0,109272327
0,322038329
0,184441545
0,07806553
0,194202893
0,220247528
0,422093424
0,326990711
0,203332446
0,219280746
0,525375891
0,280284288
0,086246725
0,41258731
0,119721225
0,180627015
0,19636459
0,181638742
0,16547659
0,17441036
0,150564712
0,237295656
0,241467722
0,071735081
0,101463383
0,159064303
0,177354206
0,233595925
0,171003004
0,241548317
0,161920041
0,097972381
0,089924454
0,284936653
0,157196965
0,263032952
0,160276473
0,082676554
0,298013151
0,13718909
0,282941763
0,072280193
0,180081446
0,092354638
0,275705066
0,206378207
0,244527471
0,075954475
0,4494521
0,072140708
0,221857318
0,075122476
0,170037784
0,193952031
0,086973242
0,3423927
0,244189155
0,080203678
0,144848837
0,082639391
0,333374558
0,219241871
0,425042419
0,137294443
0,179522938
0,429737632
0,054233891
0,240878115
0,273647073
0,063922178
0,145491112
0,199023814
0,180896626
0,348828087
0,271100971
0,309791596
0,202828532
0,180290183
0,145668559
0,228033513
0,308953781
0,411505006
0,335594667
0,136760178
0,213197746
0,181254064
0,298058252
0,155747229
0,184190386
0,370724315
0,186640179
0,245963348
0,277780105
0,289889328
0,136957151
0,246250536
0,399584443
0,175867547
0,193541325
0,402131186
0,239900928
0,109229753
0,22488907
0,38718978
0,069874119
0,275968175
0,245843099
0,148123778
0,115583434
0,155386063
0,083755289
0,102569787
0,307302297
0,184061465
0,302702208
0,178118821
0,380647
0,20075868
0,12510948
0,065546247
0,175579922
0,120943292
0,272031357
0,197060501
0,226632196
0,369752946
0,22958745
0,159270851
0,141715331
0,198012193
0,071546506
0,133542382
0,153959707
0,290594369
0,319779058
0,272089054
0,076124706
0,180687666
0,091220574
0,073739832
0,329665572
0,244995198
0,280785085
0,156896529
0,205373136
0,057762291
0,13494439
0,19821705
0,418162749
0,209464766
0,381706503
0,260466913
0,197835713
0,126034784
0,11503604
0,347254886
0,166187724
0,155466337
0,147153054
0,088878963
0,332778079
0,330770749
0,37076347
0,241396121
0,167005258
0,14758779
0,242636463
0,150024897
0,314199964
0,385389855
0,342340747
0,144219072
0,175018336
0,292855208
0,439298937
0,13357808
0,177494992
0,166845731

data4
0,353587451
0,175481429
0,777001251
0,522293771
0,882534257
0,776726585
0,379833369
0,582018494
0,834955901
0,315683462
0,201208533
0,922055727
0,044892727
0,067934202
0,581041902
0,523209326
0,068330943
0,370281075
0,995788446
0,995635853
0,456434828
0,924985504
0,770622883
0,567308573
0,414044618
0,949919126
0,254280221
0,684713279
0,624073
0,830591754
0,488296152
0,130161443
0,518997772
0,430097354
0,901181066
0,06387524
0,781090732
0,714041566
0,059633168
0,89538255
0,352092044
0,845637379
0,00778222
0,391521958
0,734488968
0,40806299
0,224860378
0,927396466
0,864284188
0,910092471
0,734153264
0,285409101
0,337931455
0,230780969
0,392773217
0,910092471
0,273689993
0,160405286
0,895077364
0,023621326
0,589129307
0,692892239
0,519577624
0,509720145
0,97582934
0,226569414
0,151738029
0,970397046
0,352610858
0,329569384
0,612994781
0,863521226
0,078676717
0,225775933
0,828058718
0,126590777
0,707510605
0,657643361
0,860988189
0,192724387
0,5630665
0,28235725
0,35196997
0,805932798
0,919919431
0,257423627
0,385662404
0,541032136
0,067476424
0,171971801
0,322122868
0,435407575
0,040833766
0,979979858
0,622333445
0,637745293
0,298471023
0,091463973
0,198919645
0,481185339
0,128666036
0,27887814
0,323313089
0,886135441
0,065736869
0,553147984
0,621234779
0,499526963
0,096957305
0,667561876
0,186803797
0,476729637
0,942289499
0,404370251
0,347605823
0,312265389
0,186986908
0,301034577
0,110812708
0,625537889
0,549577319
0,972167119
0,822809534
0,307870724
0,065401166
0,683217872
0,072176275
0,937376019
0,467696158
0,33271279
0,369090854
0,867152928
0,547013764
0,498672445
0,630329295
0,894131291
0,770500809
0,705832087
0,002777184
0,913876766
0,94225898
0,569841609
0,056154057
0,46806238
0,185766167
0,9746086
0,875545518
0,590807825
0,030030213
0,939054537
0,086123234
0,860072634
0,880397961
0,329752495
0,34070864
0,060304575
0,655293435
0,075380718
0,301034577
0,362895596
0,870479446
0,039338359
0,644978179
0,43018891
0,951597644
0,206976531
0,129917295
0,349620045
0,056489761
0,343302713
0,244514298
0,80446791
0,188879055
0,777886288
0,479018525
0,386700034
0,883632923
0,47276223
0,746574297
0,459181494
0,246162297
0,029999695
0,985625782
0,472396008
0,626545
0,794793542
0,475722526
0,143070772
0,709128086
0,710409864
0,897030549
0,399975585
0,29996643
0,081789605
0,665425581
0,503585925
0,592638936
0,903134251
0,574358348
0,246070742
0,193548387
0,906247139
0,274330882
0,63737907
0,688650166
0,986205634
0,621692557
0,983916746
0,03213599
0,159855953
0,42771691
0,766258736
0,538773766
0,713888974
0,639606922
0,221594897
0,760979034
0,698568682
0,483901486
0,037934507
0,031830805
0,423505356
0,604480117
0,065431684
0,955687124
0,111636708
0,7256386
0,451857051
0,626667074
0,36753441
0,872066408
0,108096561
0,857631153
0,616534928
0,6765038
0,90990936
0,19962157
0,170659505
0,806634724
0,542130802
0,033936583
0,078127384
0,042329173
0,392162847
0,517441328
0,411816767
0,034669027
0,397961364
0,66277047
0,153630177
0,277657399
0,25778985
0,334635456
0,331125828
0,324076052
0,907376324
0,44328135
0,561754204
0,77703177
0,67076632
0,116428114
0,662068545
0,087710196
0,991668447
0,131015961
0,477340007
0,691488388
0,150608844
0,386120182
0,588366344
0,512619404
0,875087741
0,697897275
0,051087985
0,369914853
0,248268075
0,698049867
0,82616657
0,31366924
0,822992645
0,117374187
0,053834651
0,425550096
0,346812342
0,234962004
0,830988495
0,112704855
0,005066073
0,774803919
0,646229438
0,427259133
0,587267678
0,03091525
0,129642628
0,442304758
0,483870968
0,502273629
0,27314066
0,21601001
0,919339579
0,818720054
0,777611621
0,374675741
0,327738273
0,239020966
0,683431501
0,846278268
0,27723014
0,502731407
0,940610981
0,775658437
0,849482711
0,316476943
0,074159978
0,152439955
0,880489517
0,256508072
0,602008118
0,183507797
0,969237342
0,368419446
0,360423597
0,940275277
0,659657582
0,245368816
0,394634846
0,312997833
0,703146458
0,866176336
0,569597461
0,803064058
0,80712302
0,974181341
0,557969909
0,184057131
0,776360363
0,278695029
0,361156041
0,563432722
0,452925199
0,25983459
0,019989624
0,87591174
0,361430708
0,85790582
0,670979949
0,339457381
0,465468307
0,829157384
0,60441908
0,905880917
0,94164861
0,048554949
0,480971709
0,236152226
0,377391888
0,541276284
0,362498856
0,233222449
0,299111911
0,523697623
0,713614307
0,661885434
0,436262093
0,235541856
0,030274361
0,888271737
0,628345592
0,844538713
0,251472518
0,269692068
0,780449843
0,203985717
0,610522782
0,226020081
0,774193548
0,745841853
0,081728568
0,523941771
0,739707633
0,28910184
0,07965331
0,805383465
0,595385601
0,045991394
0,56572161
0,891415143
0,26126896
0,606402783
0,219977416
0,892727439
0,452742088
0,182134465
0,833368938
0,657918027
0,460371715
0,892208625
0,576647237
0,591051973
0,822443312
0,370311594
0,302926725
0,369609668
0,296151616
0,476088748
0,539506211
0,593859676
0,034211249
0,390697958
0,325327311
0,899502548
0,372386853
0,878810999
0,550462355
0,563951537
0,134830775
0,997680593
0,953794977
0,138645589
0,863277078
0,034699545
0,435163427
0,13739433
0,876186407
0,955046236
0,838312937
0,312906278
0,564256722
0,139591662
0,860377819
0,552476577
0,828638569
0,69615772
0,245216224
0,923947874
0,067720573
0,123203223
0,915677358
0,903469955
0,61937315
0,609088412
0,201757866
0,31592761
0,063936277
0,746910001
0,820764794
0,019714957
0,295571764
0,946775719
0,765526292
0,866847743
0,766655477
0,326487014
0,757286294
0,969512009
0,812799463
0,362163152
0,419049654
0,80486465
0,463942381
0,079622791
0,826044496
0,188695944
0,648152104
0,06839198
0,589312418
0,649769585
0,194036683
0,098727378
0,128849147
0,235145116
0,538651692
0,623950926
0,292306284
0,279396954
0,546098209
0,9483932
0,975768303
0,167088839
0,344462416
0,342783898
0,902554399
0,621112705
0,585924863
0,8882107
0,21683401
0,547410504
0,0372631
0,329538865
0,047547838
0,967955565
0,906796472
0,720358898
0,699484237
0,072328867
0,813440352
0,139622181
0,627491073
0,92034669
0,805230873
0,26227607
0,850245674
0,825495163
0,33231605
0,064394055
0,959593493
0,952269051
0,581774346
0,444380016
0,381908628
0,156682028
0,079592273
0,041413617
0,047730949
0,602862636
0,96682638
0,03256325
0,125614185
0,185888241
0,855525376
0,189428388
0,977050081
0,292703024
0,671315653
0,97604297
0,987823115
0,932126835
0,388225959
0,968688009
0,433210242
0,765190588
0,062562944
0,379741813
0,032166509
0,067323832
0,071901608
0,965910825
0,347331156
0,153080844
0,965147862
0,102359081
0,686971648
0,295358135
0,830317087
0,30466628
0,665181433
0,669789727
0,586352123
0,978637043
0,076631977
0,35584582
0,104678488
0,680410169
0,241828669
0,925840022
0,56736961
0,667226173
0,479293191
0,653004547
0,967497787
0,020599994
0,861232337
0,870174261
0,158818323
0,123203223
0,908352916
0,509720145
0,360271004
0,770043031
0,38062685
0,356761376
0,521622364
0,695974609
0,81981872
0,046296579
0,457167272
0,800683615
0,000244148
0,335825678
0,15274514
0,851619007
0,944212165
0,684499649
0,153202918
0,947202979
0,657673879
0,670308542
0,435987426
0,520737327
0,243568224
0,276284066
0,677449873
0,166814173
0,54750206
0,577288125
0,317789239
0,071077609
0,99365215
0,857997375
0,331339457
0,324716941
0,76577044
0,694357128
0,107974487
0,905178991
0,990722373
0,028839991
0,352061525
0,603961303
0,079531236
0,77108066
0,405560472
0,683004242
0,883754997
0,955290384
0,900723289
0,540818506
0,821497238
0,985381634
0,149510178
0,169652394
0,631427961
0,999511704
0,175542467
0,684865871
0,90929899
0,884823145
0,79464095
0,707937864
0,084139531
0,973693045
0,650502029
0,88412122
0,990295114
0,953245643
0,612079226
0,31614124
0,691061129
0,018646809
0,438093204
0,195196387
0,710959197
0,802026429
0,11548204
0,410565508
0,332071902
0,107852412
0,778130436
0,418591876
0,111423078
0,9864803
0,611529893
0,153263955
0,27497177
0,176366466
0,650593585
0,258583331
0,145054476
0,447309793
0,875698111
0,424665059
0,257301553
0,874691
0,514206366
0,108615375
0,322977386
0,577013459
0,953184606
0,421277505
0,693624683
0,947599719
0,169560839
0,461409345
0,483535264
0,911313211
0,08456679
0,878261666
0,007202368
0,238258003
0,747581408
0,944029054
0,686910611
0,445387127
0,756797998
0,917142247
0,087496567
0,316934721
0,822443312
0,97808771
0,234565264
0,575579089
0,878597369
0,51841792
0,871791742
0,735007782
0,650257881
0,064882351
0,813959166
0,665547655
0,081606494
0,619312113
0,052278207
0,903836177
0,532120731
0,695760979
0,767723624
0,237800226
0,146061586
0,836359752
0,90847499
0,598620563
0,302499466
0,886867885
0,488631855
0,790063173
0,551377911
0,813074129
0,263649403
0,087405011
0,942381054
0,339640492
0,938840907
0,236640522
0,152256844
0,192510758
0,567400128
0,885006256
0,317697684
0,22583697
0,294412061
0,974944304
0,979216895
0,215155492
0,102328562
0,131687368
0,042573321
0,597705008
0,715079196
0,576738792
0,164433729
0,941373943
0,316263314
0,597399823
0,467543565
0,423169652
0,238502152
0,104709006
0,992675558
0,099063082
0,279213843
0,310373241
0,792870876
0,245887631
0,800012207
0,053773614
0,07678457
0,556566057
0,26535844
0,811243019
0,306833094
0,470564898
0,376964629
0,917538987
0,658803064
0,419965209
0,460188604
0,031861324
0,749046297
0,272988067
0,258461257
0,379497665
0,03543199
0,755973998
0,792474136
0,799310282
0,798638874
0,135196997
0,439710685
0,129856258
0,109103671
0,939573351
0,891262551
0,964537492
0,687612537
0,005676443
0,141605884
0,306588946
0,063539537
0,626514481
0,168004395
0,156529435
0,939176611
0,084505753
0,455427717
0,561906796
0,164586322
0,351207007
0,023529771
0,161229286
0,230811487
0,233558153
0,11200293
0,753776666
0,68611713
0,749229408
0,179998169
0,925290689
0,38288522
0,01147496
0,376659444
0,262215033
0,960661641
0,404980621
0,138126774
0,18488113
0,471602527
0,334086123
0,068422498
0,930814539
0,555192724
0,324381237
0,759056368
0,719992676
0,067476424
0,759361553
0,704794458
0,632953887
0,57206946
0,032532731
0,97134312
0,232917264
0,598559526
0,39762566
0,77108066
0,463423566
0,074678793
0,296365246
0,603228858
0,852504044
0,838770714
0,446790979
0,115024262
0,554734947
0,638264107
0,472212897
0,339426862
0,26270333
0,521042512
0,352427747
0,466383862
0,518478957
0,025543992
0,478621784
0,803308206
0,456862087
0,075807978
0,592913602
0,081362346
0,511764885
0,98791467
0,39393292
0,763817255
0,11630604
0,494094668
0,089632862
0,512253182
0,928708762
0,190649129
0,678853725
0,467604602
0,614429151
0,315897092
0,242164373
0,501754814
0,716696677
0,264259774
0,024262215
0,095950194
0,645558031
0,743430891
0,588335826
0,002746666
0,317911313
0,979827265
0,823847163
0,346964934
0,478774377
0,879482406
0,089388714
0,322763756
0,235694449
0,550004578
0,271523179
0,142399365
0,837031159
0,090487381
0,04034547
0,393414106
0,225928526
0,054780725
0,084444716
0,459913938
0,400769066
0,495193335
0,604876858
0,164983062
0,113498337
0,992278817
0,850520341
0,289803766
0,93713187
0,577471236
0,975615711
0,126010926
0,23361919
0,95434431
0,000824
0,717429121
0,053529466
0,924954985
0,159215064
0,947752312
0,498336741
0,427594836
0,407757805
0,129856258
0,57698294
0,09213538
0,386700034
0,253669851
0,08783227
0,719107639
0,607165746
0,548142949
0,557481613
0,588793603
0,14844203
0,514175848
0,766960662
0,007049776
0,646443068
0,084292123
0,897457808
0,993133335
0,854335154
0,065858943
0,826471755
0,516708884
0,556810205
0,523300882
0,60524308
0,190038759
0,11896115
0,256294443
0,649586474
0,821131016
0,451307718
0,030060732
0,674275948
0,734611042
0,671926023
0,713400678
0,90334788
0,26679281
0,247230445
0,981627857
0,586748863
0,340159307
0,892635884
0,739982299
0,354991302
0,524704733
0,013855403
0,924069948
0,442793054
0,491622669
0,970885342
0,833368938
0,313394574
0,265846736
0,945097201
0,654499954
0,714194159
0,183812983
0,691610462
0,329813532
0,695486312
0,962218085
0,957152013
0,428266243
0,623279519
0,784752953
0,84542375
0,174169134
0,717581713
0,812402722
0,911160619
0,290810877
0,14700766
0,023895993
0,263466292
0,814325388
0,211828974
0,792504654
0,460860012
0,534836879
0,645680105
0,105410932
0,477767266
0,220679342
0,56776635
0,831873531
0,525315104
0,28214362
0,11691641
0,946531571
0,006225776
0,030793176
0,298409986
0,113864559
0,386394848
0,190893277
0,074678793
0,540665914
0,262947478
0,818933683
0,231940672
0,501663259
0,411633656
0,287514878
0,052949614
0,44593646
0,093264565
0,490401929
0,32801294
0,089053011
0,401745659
0,923764763
0,73485519
0,398266549
0,933957945
0,801355022
0,119083224
0,876155889
0,563341166
0,858668783
0,706350902
0,049653615
0,598315378
0,003051851
0,777001251
0,570268868
0,106509598
0,465712455
0,83538316
0,83169042
0,686513871
0,611682485
0,804162725
0,511612293
0,467696158
0,064760277
0,275551622
0,943449202
0,620532853
0,302591021
0,350199896
0,724173711
0,15704825
0,379131443
0,095278787
0,465102084
0,304391614
0,930082095
0,153172399
0,09131138
0,231269265
0,117648854
0,531449324
0,596118046
0,409436323
0,671651357
0,106021302
0,656849879
0,391216773
0,681600391
0,868434706
0,018372143
0,284249397
0,297860652
0,448103275
0,050447096
0,704611347
0,996795557
0,942014832
0,384777367
0,490005188
0,566637165
0,581408124
0,038850063
0,953611866
0,470595416
0,268288217
0,932187872
0,960539567
0,742851039
0,512039552
0,201239051
0,60750145
0,074037904
0,797601245
0,219794305
0,787530137
0,24283578
0,916714988
0,730277413
0,420392468
0,548783837
0,293252358
0,992706076
0,630664998
0,404034547
0,833979308
0,357737968
0,653828547
0,739097262
0,335734123
0,169652394
0,752739036
0,379375591
0,980864895
0,405499435
0,924466689
0,048890652
0,951384014
0,956938383
0,679891354
0,156895657
0,693990905
0,961058382
0,676656392
0,023987548
0,866328928
0,086092715
0,486709189
0,704214606
0,496292001
0,178472243
0,280220954
0,058748131
0,385509812
0,177587207
0,706442457
0,238105411
0,288155766
0,704214606
0,753135777
0,228461562
0,896481216
0,228980377
0,865993225
0,619067965
0,163975951
0,227607044
0,108890042
0,246192816
0,998290963
0,22809534
0,646351512
0,870754112
0,853572192
0,157139805
0,329569384
0,54484695
0,255500961
0,891506699
0,667439802
0,824549089
0,788445692
0,420728172
0,963194678
0,484206671
0,577074496
0,527542955
0,898556475
0,889156774
0,793359172
0,391796625
0,34644612
0,682973724
0,22009949
0,024872585
0,693319498
0,945097201
0,402600177
0,940061647
0,45249794
0,475783563
0,419019135
0,965697195
0,449934385
0,364085818
0,801568651
0,607104709
0,363383892
0,495254372
0,639179662
0,863765374
0,896328623
0,153874325
0,392986847
0,907406842
0,367900632
0,379039888
0,456038087
0,528061769
0,00021363
0,227546007
0,988433485
0,753868221
0,684102908
0,601794488
0,058870205
0,550798059
0,50450148
0,798089541
0,624622333
0,008850368
0,807092502
0,432203131
0,379833369
0,920865505
0,087038789
0,897946104
0,005005036
0,159855953
0,481490524
0,015137181
0,847682119
0,761955626
0,146275216
0,023560289
0,566057314
0,120151372
0,299325541
0,578539384
0,766869106
0,195989868
0,210943937
0,904934843
0,168553728
0,154820399
0,922574541
0,765495773
0,321237831
0,331339457
0,975524155
0,400036622
0,414288766
0,931363872
0,930692465
0,091341899
0,203253273
0,376110111
0,960295419
0,51454207
0,587237159
0,695486312
0,293465987
0,525620289
0,867580187
0,876369518
0,796441542
0,546098209
0,219946898
0,572008423
0,46867275
0,199102756
0,41010773
0,079470199
0,1363567
0,354106265
0,285195471
0,990508744
0,124515519
0,235847041
0,07187109
0,422467727
0,188665426
0,754112369
0,01208533
0,236091189
0,487594226
0,71028779
0,368053224
0,145146031
0,878444777
0,037324137
0,327707755
0,125400555
0,315195166
0,72911771
0,841700491
0,028473769
0,632221442
0,61528367
0,923368023
0,807092502
0,493331706
0,638477737
0,442701498
0,257850887
0,788506729
0,789239174
0,946012757
0,687826167
0,259041108
0,355876339
0,531754509
0,411328471
0,632496109
0,644703513
0,314767907
0,482894375
0,048371838
0,827326273
0,509231849
0,572985015
0,056581317
0,071077609
0,662282174
0,392223884
0,968840602
0,609210486
0,069093905
0,571153905
0,845301675
0,90621662
0,901058992
0,40089114
0,897000031
0,57554857
0,077730644
0,341685232
0,585528123
0,205633717
0,414838099
0,705099643
0,201361126
0,749809259
0,078035829
0,416302988
0,201757866
0,637501144
0,87530137
0,262825404
0,08987701
0,262031922
0,418042543
0,535782952
0,11609241
0,001800592
0,682973724
0,469801935
0,582689901
0,430860317
0,005096591
0,388348033
0,033478805
0,875118259
0,034150212
0,960051271
0,109561449
0,970610675
0,68468276
0,472823267
0,351939451
0,379955443
0,611957152
0,531785028
0,732932524
0,323191015
0,244178594
0,087038789
0,197485275
0,079409162
0,902859584
0,198217719
0,995147557
0,11526841
0,041993469
0,441053499
0,08456679
0,996704001
0,138065737
0,363292337
0,391399884
0,740195929
0,261299478
0,895413068
0,201025422
0,759605701
0,860042116
0,122501297
0,467299417
0,065034944
0,7891171
0,324411756
0,318399609
0,870052187
0,113681448
0,688680685
0,541520432
0,262794885
0,71990112
0,604510636
0,326944792
0,098635823
0,262947478
0,942625202
0,05343791
0,769127476
0,48484756
0,227515488
0,395794549
0,004242073
0,432142094
0,109073153
0,535874508
0,364574114
0,605517747
0,038789026
0,758323923
0,57841731
0,572313608
0,557512131
0,212561419
0,381603442
0,072878201
0,100711081
0,121951964
0,014984588
0,15274514
0,727744377
0,221106601
0,036622211
0,351115452
0,680837428
0,703665273
0,604602191
0,477340007
0,18079165
0,460371715
0,886898404
0,006591998
0,365123447
0,889950255
0,754234443
0,625934629
0,7747734
0,063142796
0,412671285
0,961821345
0,296365246
0,521927549
0,13165685
0,020783105
0,965483566
0,494094668
0,724265267
0,374187445
0,537430952
0,805749687
0,935209204
0,618060854
0,232245857
0,271980956
0,393963439
0,14004944
0,559404279
0,847437971
0,287942137
0,7239906
0,628894925
0,317697684
0,413159581
0,023529771
0,855098117
0,813257241
0,757560961
0,436506241
0,459242531
0,926725059
0,2743614
0,410504471
0,677144688
0,714835047
0,00061037
0,711630604
0,078035829
0,366771447
0,17813654
0,687398907
0,901333659
0,819269387
0,532273324
0,054719687
0,816736351
0,100589007
0,365306558
0,245124668
0,014893033
0,684255501
0,620654927
0,837092196
0,034180731
0,63350322
0,573778497
0,108157598
0,22992645
0,81838435
0,306527909
0,237159337
0,292611469
0,98608356
0,62080752
0,188146611
0,721366008
0,966154973
0,547837764
0,807184057
0,658192694
0,791802728
0,10974456
0,163090915
0,990508744
0,018189032
0,489028596
0,664265877
0,126865444
0,019684439
0,262428663
0,981109043
0,353221229
0,546403394
0,855830561
0,307168798
0,175237281
0,322092349
0,875850703
0,989226966
0,553300577
0,964140751
0,474623859
0,057435835
0,436292611
0,007141331
0,404370251
0,687643056
0,500564592
0,311288797
0,917111728
0,125949889
0,500106815
0,636585589
0,166783654
0,108249153
0,13431196
0,664540544
0,269600513
0,304239021
0,839716788
0,248268075
0,678365429
0,818842128
0,4115421
0,172429579
0,027924436
0,28092288
0,861903745
0,204016236
0,107608264
0,551744133
0,420239875
0,715628529
0,116550188
0,583147679
0,082888272
0,662068545
0,85872982
0,457960753
0,617603076
0,191900388
0,033448286
0,14291818
0,429242836
0,6748558
0,278237251
0,985961486
0,193395795
0,42649617
0,119388409
0,488631855
0,663533433
0,911618397
0,487350078
0,385570849
0,558275094
0,707113865
0,952635273
0,561357463
0,935209204
0,006073183
0,338724937
0,836970122
0,956907865
0,944181646
0,86834315
0,156254769
0,456282235
0,529190954
0,498733482
0,204474013
0,20639668
0,455885495
0,603228858
0,989135411
0,302255318
0,586504715
0,654255806
0,415570544
0,559556871
0,378521073
0,064943388
0,38758507
0,337778863
0,041138951
0,844935453
0,464766381
0,693044832
0,701437422
0,226844081
0,607684561
0,26740318
0,361369671
0,920041505
0,04239021
0,820825831
0,927365947
0,147160253
0,775170141
0,811578722
0,093081454
0,120548112
0,788750877
0,932370983
0,357371746
0,113925596
0,451948607
0,007110813
0,957731864
0,786339915
0,172765282
0,155888546
0,001312296
0,91421247
0,827539903
0,633228553
0,574694052
0,187841426
0,996093631
0,246772668
0,112704855
0,228736229
0,535386212
0,762199774
0,80916776
0,483535264
0,521835994
0,2006592
0,349009674
0,151554918
0,094302194
0,435163427
0,744712668
0,801629688
0,228614154
0,991943113
0,556810205
0,834406568
0,974974822
0,462996307
0,280953398
0,447126682
0,189428388
0,436750389
0,181890316
0,256202887
0,291085543
0,351878414
0,356151006
0,234168523
0,075502792
0,18161565
0,304452651
0,117770928
0,116153447
0,354289377
0,795007172
0,942655721
0,785241249
0,816461684
0,299264504
0,861293374
0,424542985
0,644703513
0,781151769
0,900509659
0,698141423
0,112887967
0,120792261
0,814661092
0,658040101
0,620349742
0,954893643
0,690664388
0,553666799
0,387737663
0,213415937
0,461317789
0,917264321
0,326975311
0,135837886
0,983123264
0,955229347
0,99099704
0,046418653
0,834620197
0,778038881
0,009796442
0,670735801
0,491897336
0,498916593
0,919370098
0,274422437
0,037232582
0,732902005
0,789025544
0,405713065
0,057100131
0,52763451
0,554338206
0,522293771
0,886013367
0,257240516
0,460829493
0,28440199
0,852107303
0,509903256
0,525681326
0,795373394
0,68120365
0,501113926
0,423047578
0,570268868
0,715231788
0,043641469
0,699575793
0,514694662
0,101107822
0,605212561
0,72603534
0,694387646
0,607104709
0,485335856
0,291848506
0,17709891
0,221716971
0,642628254
0,248268075
0,728110599
0,192632832
0,203680532
0,106509598
0,640369884
0,661030915
0,185003204
0,997436445
0,48075808
0,547898801
0,458723716
0,898709067
0,033417768
0,84868923
0,494125187
0,535843989
0,222083193
0,992248299
0,905545213
0,863246559
0,291482284
0,420545061
0,338175604
0,53154088
0,030243843
0,045381024
0,723288675
0,247718741
0,316080203
0,738212226
0,433301798
0,433851131
0,764183477
0,50941496
0,369121372
0,090945158
0,760521256
0,533463546
0,509872738
0,274300363
0,661305582
0,675740837
0,957060457
0,086123234
0,439619129
0,677877132
0,003936888
0,59233375
0,560380871
0,657216102
0,261787774
0,569139683
0,365337077
0,077272866
0,37366863
0,486129337
0,748954741
0,845088046
0,347758415
0,63185522
0,406506546
0,691457869
0,04074221
0,788354137
0,435987426
0,491134373

